UNLV-ISRI OCR Word Accuracy Report Version 5.1
----------------------------------------------
    8150   Words
    2541   Misrecognized
   68.82%  Accuracy

Stopwords
   Count   Missed   %Right   Length
       0        0   ------    Total

Non-stopwords
   Count   Missed   %Right   Length
     160       38    76.25        1
      84       31    63.10        2
       8        3    62.50        3
       5        5     0.00        4
     919      314    65.83        6
       8        3    62.50        7
       4        4     0.00        8
       1        1     0.00        9
     738      201    72.76       12
      10        6    40.00       13
     484       99    79.55       18
       6        2    66.67       19
       1        1     0.00       20
       1        1     0.00       21
     699      188    73.10       24
       8        4    50.00       25
     772      206    73.32       30
       4        1    75.00       31
     936      262    72.01       36
       5        4    20.00       37
     822      247    69.95       42
       5        4    20.00       43
       1        1     0.00       45
       1        1     0.00       46
    2372      871    63.28       48
      94       43    54.26       49
    8150     2541    68.82    Total

Distinct Non-stopwords
   Count   Missed   %Right   Occurs
    4223     1506    64.34        1
     740      127    82.84        2
     157       25    84.08        3
      69       15    78.26        4
      22        1    95.45        7
      29        1    96.55      >10
    5285     1675    68.31    Total

Phrases
   Count   Missed   %Right   Length
    8150     2541    68.82        1
    8149     4252    47.82        2
    8148     5420    33.48        3
    8147     6190    24.02        4
    8146     6727    17.42        5
    8145     7091    12.94        6
    8144     7354     9.70        7
    8143     7541     7.39        8

Non-stopwords
   Count   Missed   %Right   
       1        1     0.00   $
       2        2     0.00   $1
       1        1     0.00   $2
      17        4    76.47   -
       8        3    62.50   --
       1        1     0.00   ---
       1        1     0.00   -1
       4        4     0.00   1
       2        2     0.00   10
       1        1     0.00   100%
       1        1     0.00   11
       1        1     0.00   12
       2        2     0.00   13
       1        1     0.00   14
       1        1     0.00   15
       2        2     0.00   16
       1        1     0.00   17
       1        1     0.00   18
       2        2     0.00   186
       1        1     0.00   19
       3        3     0.00   1976
       3        3     0.00   1।।
       1        1     0.00   2011
       1        1     0.00   21
       1        1     0.00   51
       1        1     0.00   अ-स्वप्नं
       1        1     0.00   अंतरॆ
       1        1     0.00   अंयॊ
       1        1     0.00   अकरॊत्।
       9        3    66.67   अक्तूबर-द
       2        2     0.00   अक्षैर्द
       1        1     0.00   अखण्डैकर
       1        1     0.00   अगास्सि-व
       1        1     0.00   अग्निर्म
       1        1     0.00   अग्निर्ह
       1        1     0.00   अग्नीध्र
       2        2     0.00   अग्ने
       1        1     0.00   अग्नौ
       1        1     0.00   अग्रिमं
       1        1     0.00   अग्रिमश्
       1        1     0.00   अग्रिमे
       1        1     0.00   अङ्गीकृत
       1        1     0.00   अचिरेणैव
       1        1     0.00   अजातशत्र
       6        4    33.33   अज्ञात-ति
       1        1     0.00   अट्टे
       1        1     0.00   अतर्कितो
       1        1     0.00   अतॊ
       2        1    50.00   अत्रैव
       1        1     0.00   अथैनं
       1        1     0.00   अद्यैव
       1        1     0.00   अधर्मं
       1        1     0.00   अधर्म्यम
       1        1     0.00   अधो
       1        1     0.00   अध्रिगु
       1        1     0.00   अध्वर्यू
       1        1     0.00   अनङ्गचिह
       1        1     0.00   अनॆन
       1        1     0.00   अन्तर्ज्
       1        1     0.00   अन्तर्हृ
       1        1     0.00   अन्न
       1        1     0.00   अपभ्रंश
       1        1     0.00   अपराह्णे
       1        1     0.00   अपां
       1        1     0.00   अपाङ्गौ
       7        6    14.29   अप्रैल-जू
       1        1     0.00   अब्रुवन्
       1        1     0.00   अभावॆ
       1        1     0.00   अभिप्रैत
       1        1     0.00   अभ्यद्रव
       1        1     0.00   अभ्यर्च्
       1        1     0.00   अमोघं
       1        1     0.00   अमोघां
       1        1     0.00   अरत्निना
       1        1     0.00   अर्कं
       1        1     0.00   अर्काय
       1        1     0.00   अर्घ्यपा
       1        1     0.00   अर्घ्यम्
       1        1     0.00   अर्चा
       1        1     0.00   अर्धेन
       1        1     0.00   अर्धोरुक
       1        1     0.00   अर्नेस्ट
       2        2     0.00   अर्हति
       1        1     0.00   अर्हसि
       1        1     0.00   अल्बर्ट
       1        1     0.00   अवलॊक्य
       1        1     0.00   अविच्छिन
       1        1     0.00   अशक्नुवन
       1        1     0.00   अश्नीयात
       3        3     0.00   अष्टाविं
       1        1     0.00   अस्ति’
       1        1     0.00   अस्माँ
       1        1     0.00   अस्मिँल्
       1        1     0.00   अस्मिन्र
       1        1     0.00   अस्यैव
       1        1     0.00   अहॊ
       1        1     0.00   अह्णे
       1        1     0.00   अह्नि
       1        1     0.00   अह्नो
       1        1     0.00   अ\\
       1        1     0.00   आं
       1        1     0.00   आंग्ल
       1        1     0.00   आंग्लभाष
       1        1     0.00   आंध्र
       1        1     0.00   आकर्ण्य
       1        1     0.00   आकाशॆ
       1        1     0.00   आग्नीध्र
       1        1     0.00   आङ्ग्लभा
       1        1     0.00   आढ्यो
       1        1     0.00   आत्मनॊ
       1        1     0.00   आदर्शं
       1        1     0.00   आदित्याँ
       1        1     0.00   आदौ
       2        2     0.00   आध्यात्म
       2        2     0.00   आन्ध्रप्
       1        1     0.00   आपृच्छ्य
       1        1     0.00   आप्नुयात
       1        1     0.00   आप्नुवन्
       2        2     0.00   आफ्रिका
       1        1     0.00   आफ्रिकाख
       1        1     0.00   आफ्रिकाद
       1        1     0.00   आमॊदयन्त
       1        1     0.00   आम्रेडित
       1        1     0.00   आरम्भे
       1        1     0.00   आरोढुं
       1        1     0.00   आर्कं
       1        1     0.00   आर्किमिड
       1        1     0.00   आर्तां
       1        1     0.00   आर्तिं
       1        1     0.00   आर्द्र-पा
       1        1     0.00   आर्द्रकं
       1        1     0.00   आर्द्रकस
       1        1     0.00   आर्हीयेष
       1        1     0.00   आलॊक्य
       1        1     0.00   आश्लिष्य
       1        1     0.00   आह-अहॊ
       1        1     0.00   आह-भॊ
       1        1     0.00   इं
       1        1     0.00   इंचमितो
       1        1     0.00   इंद्रिया
       1        1     0.00   इंद्रो
       1        1     0.00   इच्छां
       1        1     0.00   इच्छैव
       1        1     0.00   इतस्त्रस
       1        1     0.00   इति_
       1        1     0.00   इत्यर्धो
       1        1     0.00   इत्यृचा
       1        1     0.00   इन्दुं
       1        1     0.00   इळैयराजा
       1        1     0.00   इसमें
       1        1     0.00   ईं
       1        1     0.00   ईंधन
       1        1     0.00   ईप्सिताँ
       1        1     0.00   उच्छेत्त
       2        2     0.00   उच्यतॆ-
       1        1     0.00   उज्जिहीत
       1        1     0.00   उज्झितं
       1        1     0.00   उज्झित्व
       2        1    50.00   उत्तरप्र
       1        1     0.00   उत्पत्ति
       1        1     0.00   उत्पन्नौ
       1        1     0.00   उत्सृष्ट
       1        1     0.00   उद्घाट्य
       1        1     0.00   उद्घोषणम
       3        3     0.00   उद्घोषित
       1        1     0.00   उद्दीपनं
       1        1     0.00   उद्दीपयत
       2        2     0.00   उद्देश्य
       1        1     0.00   उन्नीयते
       1        1     0.00   उन्नीयमा
       1        1     0.00   उपैति
       2        2     0.00   उभौ
       1        1     0.00   उर्दु
       1        1     0.00   उर्वीं
       1        1     0.00   उलूक
       1        1     0.00   उल्लङ्घ्
       3        3     0.00   उवाच।।
       1        1     0.00   उस्रिया
       1        1     0.00   ऊर्जं
       1        1     0.00   ऊर्जे
       2        1    50.00   ऊर्ध्व
       1        1     0.00   ऋग्भिर्ह
       1        1     0.00   ऋध्नुवन्
       1        1     0.00   ऋ\\
       1        1     0.00   ऋ\\~
       1        1     0.00   ऎकॊ
       1        1     0.00   ऎतत्?
       1        1     0.00   ऎव
       1        1     0.00   ऎवम्
       1        1     0.00   ऎष
       2        1    50.00   एक
       1        1     0.00   एकवर्जं
       1        1     0.00   एतच्छुत्
       1        1     0.00   एतछ्रुत्
       1        1     0.00   एतदहर्यत
       1        1     0.00   एतदुपयन्_
       1        1     0.00   एतद्वो
       4        1    75.00   एतस्मिन्
       2        1    50.00   एतां
       1        1     0.00   एम्सटर्ड
       1        1     0.00   एषैव
       1        1     0.00   ए\\
       1        1     0.00   औक्थिक्य
       1        1     0.00   कच्चित्
       1        1     0.00   कच्चिन्न
       1        1     0.00   कछु
       1        1     0.00   कञ्चुकी
       1        1     0.00   कटिं
       1        1     0.00   कटौ
       1        1     0.00   कठिनं
       1        1     0.00   कठोरं
       1        1     0.00   कण्ठं
       1        1     0.00   कण्ठो
       1        1     0.00   कथम्चित्
       1        1     0.00   कद्रूश्च
       1        1     0.00   कद्र्यन्
       1        1     0.00   कपर्दी
       2        2     0.00   कफं
       1        1     0.00   कफो
       1        1     0.00   कमण्डलुं
       1        1     0.00   कम्चित्
       1        1     0.00   कम्पितं
       1        1     0.00   कम्पिता
       1        1     0.00   कम्पितान
       1        1     0.00   करे
       1        1     0.00   करें
       1        1     0.00   करॊति
       1        1     0.00   करॊति।
       1        1     0.00   करॊमि।
       3        3     0.00   कर्तव्यं
       2        2     0.00   कर्तुं
       1        1     0.00   कर्तुमर्
       1        1     0.00   कर्त्तव्
       1        1     0.00   कर्मैव
       2        2     0.00   कर्हिचित
       1        1     0.00   कलङ्की
       1        1     0.00   कलां
       2        1    50.00   कलौ
       1        1     0.00   कल्पितं
       1        1     0.00   कल्पितम्
       1        1     0.00   कल्पितवा
       1        1     0.00   कल्पिता
       1        1     0.00   कविं
       1        1     0.00   कस्माच्छ
       1        1     0.00   कस्मिँश्
       2        2     0.00   काञ्जिके
       1        1     0.00   काफीपेयं
       1        1     0.00   कामार्थौ
       1        1     0.00   कारणॆन
       1        1     0.00   कार्यदर्
       1        1     0.00   कार्ये
       1        1     0.00   कार्येषु
       1        1     0.00   कार्यौ
       1        1     0.00   कार्य्य
       1        1     0.00   कार्लिन्
       1        1     0.00   कालनेमिं
       1        1     0.00   कालॆ
       1        1     0.00   कालॆन
       1        1     0.00   काळी
       1        1     0.00   काष्ठयोर
       1        1     0.00   काष्ठां
       1        1     0.00   काष्ठैश्
       5        3    40.00   कि
       1        1     0.00   किछु
       1        1     0.00   किजीयें
       1        1     0.00   किट्टं
       1        1     0.00   कित्तूरु
       1        1     0.00   किम्चित्
       1        1     0.00   किल्बिषं
       1        1     0.00   किल्बिषम
       1        1     0.00   किल्बिषा
       1        1     0.00   किल्बिषी
       4        4     0.00   किष्किन्
       1        1     0.00   कीर्तिं
       1        1     0.00   कीर्तौ
       1        1     0.00   कीर्त्यत
       1        1     0.00   कुंडे
       1        1     0.00   कुक्कुटं
       1        1     0.00   कुक्षौ
       1        1     0.00   कुचौ
       1        1     0.00   कुटुम्बं
       1        1     0.00   कुटुम्बे
       1        1     0.00   कुतॊ
       1        1     0.00   कुनृपतिश
       1        1     0.00   कुर्यां
       1        1     0.00   कुर्यान्
       1        1     0.00   कुर्वन्स
       2        2     0.00   कुर्वीत
       1        1     0.00   कृच्छ्र
       1        1     0.00   कृच्छ्रग
       1        1     0.00   कृतघ्ने
       1        1     0.00   कृतघ्नो
       1        1     0.00   कृपालुं
       1        1     0.00   कॆचन्
       1        1     0.00   कॆवलं
       1        1     0.00   कॆवलम्
       1        1     0.00   केचन
       1        1     0.00   केचित्तु
       1        1     0.00   केचिद्दृ
       2        2     0.00   केदारभट्-
       2        1    50.00   कैकेयी
       1        1     0.00   कॊ
       1        1     0.00   कोटिं
       1        1     0.00   कोपाद्बि
       1        1     0.00   कौतूहलं
       2        2     0.00   कौन्तेय
       1        1     0.00   कौरव्य
       1        1     0.00   कौसल्या
       1        1     0.00   क्क
       1        1     0.00   क्कचित्
       1        1     0.00   क्खु
       1        1     0.00   क्योंकि
       3        1    66.67   क्रमात्
       1        1     0.00   क्रमेणैव
       3        1    66.67   क्रुद्धो
       1        1     0.00   क्रैस्तप
       1        1     0.00   क्रैस्तम
       1        1     0.00   क्रैस्तव
       1        1     0.00   क्रैस्ता
       2        1    50.00   क्रोधो
       1        1     0.00   क्रौञ्चं
       1        1     0.00   क्रौञ्चस
       1        1     0.00   क्रौञ्चो
       1        1     0.00   क्लीं
       1        1     0.00   क्लींजूं
       1        1     0.00   क्लीबं
       1        1     0.00   क्लैब्यं
       1        1     0.00   क्विन्प्
       1        1     0.00   क्षणॆ
       1        1     0.00   क्षीं
       1        1     0.00   क्षीणे
       4        4     0.00   क्षॆत्रॆ
       1        1     0.00   क्षौद्रं
       1        1     0.00   क्षौमं
       1        1     0.00   खड्गं
       1        1     0.00   खल्विदं
       1        1     0.00   खो
       1        1     0.00   गंगां
       1        1     0.00   गंधर्वौ
       1        1     0.00   गङदॆवी
       1        1     0.00   गङादॆवह्
       2        2     0.00   गङादॆवी
       2        1    50.00   गच्छ
       1        1     0.00   गच्छंति
       1        1     0.00   गच्छेत
       1        1     0.00   गच्छेत्
       1        1     0.00   गणिका---हञ
       1        1     0.00   गण्डौ
       1        1     0.00   गतिं
       1        1     0.00   गन्धर्वौ
       1        1     0.00   गरुडं
       1        1     0.00   गर्भं
       1        1     0.00   गर्ह्य
       1        1     0.00   गाढं
       1        1     0.00   गान्धिं
       1        1     0.00   गायत्रीं
       1        1     0.00   गार्गि
       1        1     0.00   गार्गी
       1        1     0.00   गार्ग्य
       1        1     0.00   गार्ग्यश
       1        1     0.00   गार्ग्यस
       1        1     0.00   गिरिधाम्
       1        1     0.00   गीतं
       1        1     0.00   गीर्भी
       1        1     0.00   गीर्वानि
       1        1     0.00   गुणदोषौ
       1        1     0.00   गुणौघैरन
       1        1     0.00   गुरुर्बो
       1        1     0.00   गुर्वी
       1        1     0.00   गुर्वीं
       2        2     0.00   गुल्फौ
       1        1     0.00   गुह्यं
       1        1     0.00   गूढं
       2        2     0.00   गूढो
       1        1     0.00   गृध्र
       1        1     0.00   गृध्रा
       2        2     0.00   गृध्राणा
       1        1     0.00   गृध्राश्
       1        1     0.00   गृध्रेश्
       1        1     0.00   गृध्रो
       1        1     0.00   गृध्रोऽभ
       1        1     0.00   गृहॆ
       1        1     0.00   गृह्णामि
       1        1     0.00   गृह्णीष्
       1        1     0.00   गैरिकं
       1        1     0.00   गॊ-युगॆ
       1        1     0.00   गॊचरा
       1        1     0.00   गोर्यूतौ
       1        1     0.00   गौरवं
       1        1     0.00   गौरी
       1        1     0.00   गौरीं
       1        1     0.00   ग्रन्थित
       3        1    66.67   ग्रां
       1        1     0.00   ग्रामॆ
       1        1     0.00   ग्राह्यो
       9        8    11.11   ग्रेगोरी-
       1        1     0.00   ग्रैवेयं
       1        1     0.00   ग्रैवेयक
       1        1     0.00   घंटां
       1        1     0.00   घञि
       1        1     0.00   घटोध्नी
       1        1     0.00   घ्नन्तं
       1        1     0.00   घ्राणं
       1        1     0.00   ङीन्
       1        1     0.00   ङीप्प्रत
       1        1     0.00   ङीष्प्रत
       2        1    50.00   च-
       1        1     0.00   चकम्पिरे
       2        2     0.00   चक्रं
       2        2     0.00   चक्रे
       1        1     0.00   चतस्रो
       1        1     0.00   चतुरश्रं
       1        1     0.00   चतुर्थ
       1        1     0.00   चतुर्धा
       2        1    50.00   चतुर्बाह
       4        4     0.00   चतुर्विं
       5        3    40.00   चर्चा
       1        1     0.00   चलच्चित्
       1        1     0.00   चाणूरेण
       1        1     0.00   चातुर्वर
       1        1     0.00   चातुर्हो
       1        1     0.00   चाद्यैव
       1        1     0.00   चान्यैर्
       1        1     0.00   चार्च्चय
       1        1     0.00   चिक्कमगळ
       2        2     0.00   चिच्छेद
       1        1     0.00   चित्तं
       1        1     0.00   चित्तूरु
       1        1     0.00   चित्तैका
       2        1    50.00   चिन्तन-पर
       1        1     0.00   चिह्नं
       1        1     0.00   चॆति।
       1        1     0.00   चॆत्
       1        1     0.00   चॆदम्
       1        1     0.00   चॆष्टितम
       1        1     0.00   चेद्वच्म
       2        2     0.00   चेन्नै
       2        2     0.00   चेन्नैनग
       1        1     0.00   चैकं
       1        1     0.00   चैतन्यं
       1        1     0.00   चैनं
       4        4     0.00   चैव
       1        1     0.00   चैवं
       1        1     0.00   चैषां
       1        1     0.00   चौरस्य
       1        1     0.00   चौराश्चौ
       1        1     0.00   च्चिअ
      13        6    53.85   च।
       7        7     0.00   च।।
       1        1     0.00   च…
       1        1     0.00   छित्वा
       1        1     0.00   छिद्रं
       1        1     0.00   छीघ्रं
       1        1     0.00   छूलं
       1        1     0.00   छेत्तुं
       1        1     0.00   छोटा
       2        2     0.00   छ्रुत्वा
       1        1     0.00   जगद्बीजं
       1        1     0.00   जघन्वाँ
       1        1     0.00   जघ्निरे
       2        2     0.00   जघ्निवान
       1        1     0.00   जघ्नुराह
       1        1     0.00   जघ्नुश्च
       1        1     0.00   जघ्नुस्त
       1        1     0.00   जघ्ने
       1        1     0.00   जझिरे
       1        1     0.00   जनॊ
       2        1    50.00   जन्म
       1        1     0.00   जम्बूद्व
       1        1     0.00   जहौ
       1        1     0.00   जातिर्नै
       1        1     0.00   जाम्बूनद
       1        1     0.00   जिघ्रेत्
       1        1     0.00   जिह्वां
       1        1     0.00   जीर्णे
       8        2    75.00   जुलाई-सित
       1        1     0.00   जृम्भणं
       1        1     0.00   जृम्भा
       1        1     0.00   जैन
       1        1     0.00   जैनदर्शन
       1        1     0.00   जैनानां
       1        1     0.00   जैसे
       1        1     0.00   जैसें
       1        1     0.00   ज्येष्ठो
       2        2     0.00   ज्योतिर्
       1        1     0.00   ज्योतींष
       1        1     0.00   ज्वलत्का
       1        1     0.00   झारखंड
       1        1     0.00   झिण्टी
       1        1     0.00   झिल्ली
       1        1     0.00   डा
       1        1     0.00   डिग्रि
       1        1     0.00   डेक्कन्
       1        1     0.00   डै
       1        1     0.00   ढ्पं
       1        1     0.00   ण्टिर्गौ
       1        1     0.00   तक्षद्वज
       1        1     0.00   तच्छीघ्र
       1        1     0.00   तच्छीलाद
       1        1     0.00   तच्छुत्व
       1        1     0.00   तच्छूलं
       1        1     0.00   तच्छृणु
       1        1     0.00   तच्छृणुष
       1        1     0.00   तच्छृणु।
       1        1     0.00   तच्छैवाल
       1        1     0.00   तच्छ्रत्
       1        1     0.00   तछ्रुत्व
       4        4     0.00   तञ्जावूर
       1        1     0.00   ततश्चीर्
       1        1     0.00   ततस्ते
       1        1     0.00   ततॊ
       3        1    66.67   तत्
       1        1     0.00   तत्किं
       1        1     0.00   तत्तद्भो
       1        1     0.00   तत्तु
       1        1     0.00   तत्तृतीय
       2        1    50.00   तत्रैव
       1        1     0.00   तथाषाढी
       4        4     0.00   तथा।।
       2        2     0.00   तथैव
       1        1     0.00   तदाकर्ण्
       3        3     0.00   तदा।।
       1        1     0.00   तद्दुष्क
       1        1     0.00   तद्दूरे
       1        1     0.00   तद्दृष्ट
       1        1     0.00   तद्दोषपर
       1        1     0.00   तद्दोषशम
       2        1    50.00   तद्धर्मै
       1        1     0.00   तद्धैके
       1        1     0.00   तद्बाधित
       1        1     0.00   तद्बाह्य
       1        1     0.00   तद्बीजं
       1        1     0.00   तद्रूपं
       1        1     0.00   तद्रूपो
       1        1     0.00   तद्वृत्त
       1        1     0.00   तद्वो
       1        1     0.00   तद्व्रतं
       1        1     0.00   तनूं
       1        1     0.00   तन्निबोध
       1        1     0.00   तन्नूनं
       1        1     0.00   तन्मिथुन
       1        1     0.00   तन्मिथ्य
       2        1    50.00   तन्मे
       1        1     0.00   तन्वङ्गी
       1        1     0.00   तपस्तीव्
       3        3     0.00   तमिळ्नाड
       1        1     0.00   तमिळ्भाष
       4        4     0.00   तमिऴ्नाड
       1        1     0.00   तमॆ
       1        1     0.00   तमॆवर्षॆ
       1        1     0.00   तयोर्मैत
       1        1     0.00   तर्कारी
       2        2     0.00   तर्हि
       1        1     0.00   तर्हीति
       1        1     0.00   तर्ह्यका
       1        1     0.00   तलवद्दृश
       1        1     0.00   तल्लिंगं
       1        1     0.00   तस्थौ
       1        1     0.00   तस्माच्छ
       1        1     0.00   तस्माज्ज
       2        1    50.00   तस्माद्द
       1        1     0.00   तस्माद्व
       1        1     0.00   तस्मिन्र
       2        1    50.00   तस्मै
       1        1     0.00   तस्यै
       2        2     0.00   तस्यैव
       1        1     0.00   तहाँ
       1        1     0.00   ताँ
       1        1     0.00   तांबूलं
       1        1     0.00   ताच्छील्
       1        1     0.00   तादृग्रू
       1        1     0.00   तादृशीं
       1        1     0.00   तानि-
       1        1     0.00   तान्नृपा
       1        1     0.00   ताम्बूलं
       2        2     0.00   ताम्रं
       1        1     0.00   ताम्रे
       1        1     0.00   ताम्रेण
       1        1     0.00   तार्किका
       1        1     0.00   तावुभौ
       1        1     0.00   तावुभौ।
       1        1     0.00   तावुभौ।।
       1        1     0.00   तिथौ
       1        1     0.00   तिस्रो
       1        1     0.00   तीर्थैर्
       1        1     0.00   तुङ्गौ
       2        1    50.00   तुभ्यं
       2        2     0.00   तु।।
       2        1    50.00   तूष्णीं
       1        1     0.00   तृणसॆवनम
       1        1     0.00   तॆ
       1        1     0.00   तॆन
       1        1     0.00   तेनैव
       2        2     0.00   ते।।
       1        1     0.00   तैर्न्यस
       1        1     0.00   तैलं
       1        1     0.00   तोरें
       1        1     0.00   त्कईं
       1        1     0.00   त्रयॊ
       1        1     0.00   त्रिकोणर
       1        1     0.00   त्रिभिर्
       3        2    33.33   त्वं
       1        1     0.00   त्वद्भीत
       1        1     0.00   त्वमर्हो
       1        1     0.00   दईं
       1        1     0.00   दग्धुं
       1        1     0.00   दण्डं
       1        1     0.00   दण्डैश्च
       1        1     0.00   दत्तं
       1        1     0.00   दत्तां
       1        1     0.00   दद्रृशे
       1        1     0.00   दध्रे
       1        1     0.00   दयालुं
       1        1     0.00   दर्भेषु
       1        1     0.00   दर्वीं
       1        1     0.00   दर्शे
       1        1     0.00   दर्श्यता
       1        1     0.00   दशैव
       1        1     0.00   दारिद्र्
       1        1     0.00   दाशार्हं
       1        1     0.00   दाशार्हे
       1        1     0.00   दासीं
       2        2     0.00   दिग्विजय
       1        1     0.00   दिग्विदि
       1        1     0.00   दिङ्निर्
       1        1     0.00   दिनॆ
       1        1     0.00   दिवौकसां
       3        3     0.00   दिव्यं
       1        1     0.00   दिशॊ
       1        1     0.00   दीक्षैव
       1        1     0.00   दीर्घे
       1        1     0.00   दीर्घेण
       1        1     0.00   दीर्घो
       1        1     0.00   दुन्दुभि
       2        2     0.00   दुरिष्टै
       1        1     0.00   दुर्गां
       1        1     0.00   दुर्बलं
       1        1     0.00   दुर्बला
       1        1     0.00   दुर्बलो
       1        1     0.00   दुर्मुखो
       1        1     0.00   दुर्वृत्
       1        1     0.00   दुर्हुता
       1        1     0.00   दूरदर्शी
       2        1    50.00   दूरे
       1        1     0.00   दृढं
       1        1     0.00   दृढीकरोत
       1        1     0.00   दृढीकर्त
       1        1     0.00   दृढीकृतव
       1        1     0.00   दृढे
       1        1     0.00   दृढौ
       1        1     0.00   दृष्टिं
       1        1     0.00   दृष्टैव
       1        1     0.00   दॆशस्य
       2        2     0.00   दॆशॆ
       1        1     0.00   देवकश्चो
       1        1     0.00   देवरहळ्ळ
       1        1     0.00   देवसङ्की
       1        1     0.00   देवाँ
       3        3     0.00   देवेंद्र
       1        1     0.00   देवौ
       1        1     0.00   देहांते
       3        3     0.00   दैत्येंद
       2        2     0.00   दैर्घ्यम
       1        1     0.00   दॊषम्
       1        1     0.00   दॊषॆण
       1        1     0.00   दोनों
       1        1     0.00   दौर्भाग्
       1        1     0.00   द्युम्नं
       1        1     0.00   द्युम्नै
       1        1     0.00   द्यूतं
       1        1     0.00   द्यूतपर्
       1        1     0.00   द्यूते
       1        1     0.00   द्यौर्न
       1        1     0.00   द्रष्टृण
       1        1     0.00   द्रष्टृद
       2        2     0.00   द्रृश्यत
       1        1     0.00   द्रृष्टु
       2        2     0.00   द्रौणिं
       1        1     0.00   द्रौपदी
       2        2     0.00   द्रौपदीं
       1        1     0.00   द्रौपद्य
       1        1     0.00   द्वंद्वा
       1        1     0.00   द्वादशीं
       1        1     0.00   द्वै
       4        4     0.00   द्वौ
       1        1     0.00   धत्ते
       1        1     0.00   धनराशिं
       2        1    50.00   धनुर्गृह
       1        1     0.00   धनुर्न्य
       1        1     0.00   धनुश्छिन
       1        1     0.00   धनौघं
       2        1    50.00   धर्मं
       1        1     0.00   धर्मज्ञौ
       2        2     0.00   धर्मांगद
       1        1     0.00   धर्मैक्य
       1        1     0.00   धर्मौ
       1        1     0.00   धर्म्यम्
       1        1     0.00   धात्रीं
       1        1     0.00   धारणाच्छ
       1        1     0.00   धूपैर्दी
       1        1     0.00   धूमसंघै-
       1        1     0.00   धूम्रं
       1        1     0.00   धूम्रे
       1        1     0.00   धैर्यं
       1        1     0.00   धैर्यम्
       1        1     0.00   धैर्येण
       1        1     0.00   ध्रियते
       2        2     0.00   ध्रियमाण
       1        1     0.00   ध्वजं
       1        1     0.00   ध्वनिं
       1        1     0.00   ध्विज
      53        2    96.23   न
       1        1     0.00   नखैरपि
       1        1     0.00   नखैर्दन्
       1        1     0.00   नगरीं
       1        1     0.00   नगरॆ
       1        1     0.00   नजौ
       1        1     0.00   नदीं
       1        1     0.00   नद्यौ
       1        1     0.00   नम्रं
       1        1     0.00   नरशार्दू
       1        1     0.00   नरोऽर्थै
       1        1     0.00   नहिं
       1        1     0.00   नहीं
       1        1     0.00   नागॊ
       1        1     0.00   नादयन्रथ
       1        1     0.00   नानारत्न
       1        1     0.00   नापराध्न
       1        1     0.00   नाभिं
       1        1     0.00   नाम्नैव
       1        1     0.00   नारीं
       1        1     0.00   नार्हंति
       1        1     0.00   नाश्नाति
       1        1     0.00   नाश्नीया
       1        1     0.00   निगूढं
       1        1     0.00   निघ्नन्त
       1        1     0.00   निजघ्निव
       1        1     0.00   निजघ्नुर
       1        1     0.00   निजघ्ने
       1        1     0.00   नित्यं
       1        1     0.00   नित्योपल
       1        1     0.00   निधिं
       1        1     0.00   निन्देत्
       1        1     0.00   निमित्तै
       1        1     0.00   निम्नं
       1        1     0.00   निम्ने
       1        1     0.00   नियुञ्जी
       1        1     0.00   निराकारम
       1        1     0.00   निर्ऋतिं
       1        1     0.00   निर्घोषं
       1        1     0.00   निर्घोषो
       1        1     0.00   निर्जिता
       1        1     0.00   निर्जित्
       1        1     0.00   निर्दोषं
       1        1     0.00   निर्दोषा
       1        1     0.00   निर्दोषो
       1        1     0.00   निर्बोधब
       1        1     0.00   निर्यूहे
       1        1     0.00   निर्लेपं
       1        1     0.00   निर्लेपो
       1        1     0.00   निर्वितर
       1        1     0.00   निर्वृति
       2        2     0.00   निर्वृत्
       1        1     0.00   निर्वोढु
       1        1     0.00   निर्हृत्
       1        1     0.00   निवृत्ति
       1        1     0.00   निवृत्तौ
       1        1     0.00   निवेद्यै
       1        1     0.00   निश्चक्र
       2        2     0.00   निश्चीयत
       1        1     0.00   निषूदय
       1        1     0.00   निष्पिपे
       1        1     0.00   निष्पिष्
       1        1     0.00   निहन्मि
       2        1    50.00   नृप।
       1        1     0.00   नॄ
       1        1     0.00   नॄणां
       1        1     0.00   नॄणाम्
       1        1     0.00   नॄन्
       1        1     0.00   नेथ्रकुक
       1        1     0.00   नेमिं
       1        1     0.00   नैनों
       1        1     0.00   नैरृते
       1        1     0.00   नैरृत्या
       1        1     0.00   नैरृत्ये
       1        1     0.00   नैर्ऋते
       2        1    50.00   नैर्ऋत्य
       1        1     0.00   नैवेद्यं
       1        1     0.00   नैसर्गिक
       1        1     0.00   नॊ
       1        1     0.00   नोंद
       1        1     0.00   पक्षैर्न
       1        1     0.00   पक्षौ
       1        1     0.00   पञ्चमी
       1        1     0.00   पञ्चमीं
       1        1     0.00   पञ्चोपचा
       1        1     0.00   पट्टं
       1        1     0.00   पट्टदकल्
       1        1     0.00   पठितुं
       1        1     0.00   पठित्वा
       1        1     0.00   पतद्भिश्
       1        1     0.00   पत्न्यस्
       1        1     0.00   पथि
       1        1     0.00   पदार्थैर
       1        1     0.00   पद्मो
       1        1     0.00   परम्।।
       2        1    50.00   परां
       1        1     0.00   पराङ्मुख
       1        1     0.00   परार्धो
       1        1     0.00   परिक्रम्
       1        1     0.00   परिक्रां
       1        1     0.00   परिगृह्य
       1        1     0.00   परिघं
       1        1     0.00   परिघैरिव
       1        1     0.00   परिपन्थि
       1        1     0.00   परिवर्त्
       2        2     0.00   पर्यन्तं
       1        1     0.00   पर्वताँ
       1        1     0.00   पाठो
       1        1     0.00   पाण्डौ
       2        1    50.00   पादौ
       1        1     0.00   पान्थदुर
       1        1     0.00   पापघ्नी
       1        1     0.00   पापॆ
       1        1     0.00   पायसैर्ह
       3        1    66.67   पार्थ
       1        1     0.00   पार्थान्
       1        1     0.00   पार्थिवं
       1        1     0.00   पार्वतीं
       1        1     0.00   पार्श्व
       1        1     0.00   पार्श्वत
       1        1     0.00   पार्श्वद
       1        1     0.00   पार्श्वम
       1        1     0.00   पाशाद्बि
       1        1     0.00   पिंगलकॊ
       1        1     0.00   पिंडं
       1        1     0.00   पिण्डं
       1        1     0.00   पिण्डौ
       1        1     0.00   पितरश्चै
       1        1     0.00   पितरौ
       2        2     0.00   पितॄंश्च
       1        1     0.00   पिबेच्छू
       2        2     0.00   पिळ्ळै
       1        1     0.00   पीठं
       1        1     0.00   पीठिका
       1        1     0.00   पीडां
       1        1     0.00   पुच्छं
       1        1     0.00   पुत्तूरु
       1        1     0.00   पुत्रांश
       1        1     0.00   पुत्रीं
       1        1     0.00   पुत्रॆण
       1        1     0.00   पुत्रौ
       1        1     0.00   पुनर्ग्र
       1        1     0.00   पुनर्जाय
       1        1     0.00   पुनर्दुग
       1        1     0.00   पुनर्द्र
       1        1     0.00   पुनर्न्य
       1        1     0.00   पुनश्चोव
       1        1     0.00   पुमाँल्ल
       1        1     0.00   पुराणं
       1        1     0.00   पुरीं
       1        1     0.00   पुरुषॆण
       1        1     0.00   पुरुषौ
       1        1     0.00   पुल्लिंग
       1        1     0.00   पुष्पित
       2        2     0.00   पुष्पिता
       1        1     0.00   पुष्पैर्
       2        2     0.00   पूर्वं
       1        1     0.00   पूर्व्व
       2        2     0.00   पृच्छ्यत
       1        1     0.00   पृच्छ्यम
       1        1     0.00   पृथग्रूप
       1        1     0.00   पृथग्विध
       1        1     0.00   पृथु
       1        1     0.00   पृथ्वी
       1        1     0.00   पृषध्रो
       2        2     0.00   पृष्ठं
       1        1     0.00   पृष्ठे
       1        1     0.00   पृष्ठ्य
       1        1     0.00   पेक्खिस्
       1        1     0.00   पोर्ट
       2        2     0.00   पौण्ड्रक
       1        1     0.00   पौरजानपद
       1        1     0.00   पौरुषीं
       1        1     0.00   पौर्णमास
       1        1     0.00   प्रकृतिर
       1        1     0.00   प्रञायां
       1        1     0.00   प्रतिपत्
       2        1    50.00   प्रतिबिम
       1        1     0.00   प्रतिशब्
       2        1    50.00   प्रतिष्ठ
       1        1     0.00   प्रति।।
       1        1     0.00   प्रत्यग्
       1        1     0.00   प्रत्यूष
       2        2     0.00   प्रदर्श्
       1        1     0.00   प्रदॆशॆ
       5        2    60.00   प्रद्युम
       1        1     0.00   प्रभो।।
       1        1     0.00   प्रमुखौ
       2        1    50.00   प्रयत्नं
       1        1     0.00   प्रयत्ने
       1        1     0.00   प्रयुञ्ज
       1        1     0.00   प्रवर्ग्
       5        2    60.00   प्रवृत्त
       2        1    50.00   प्रश्नान
       1        1     0.00   प्रश्ने
       1        1     0.00   प्रश्नो
       1        1     0.00   प्रश्नोप
       4        4     0.00   प्रह्लाद
       1        1     0.00   प्राक्का
       1        1     0.00   प्रागॆव
       1        1     0.00   प्राग्रू
       1        1     0.00   प्राग्रे
       2        2     0.00   प्राङ्मु
       1        1     0.00   प्राचां
       2        2     0.00   प्राचीन
       2        2     0.00   प्राप्तु
       2        2     0.00   प्राप्ते
       3        2    33.33   प्राप्त्
       1        1     0.00   प्राप्रु
       1        1     0.00   प्रायत्न
       3        3     0.00   प्रारम्भ
       1        1     0.00   प्राह-भॊ
       1        1     0.00   प्राह्णे
       1        1     0.00   प्रीणाति_
       1        1     0.00   प्रेंखोल
       1        1     0.00   प्रैति
       1        1     0.00   प्रैष
       2        2     0.00   प्रौद्यौ
       1        1     0.00   फं
       1        1     0.00   फंक्शनों
       1        1     0.00   फलमश्नुत
       1        1     0.00   फल्गुं
       1        1     0.00   फौज
       1        1     0.00   फौण्डेषन
       1        1     0.00   फ्याबेसि
       1        1     0.00   बद्धो
       1        1     0.00   बध्नन्ति
       1        1     0.00   बध्नाति
       1        1     0.00   बध्नीयात
       1        1     0.00   बध्नीयान
       1        1     0.00   बन्धूंश्
       1        1     0.00   बर्ही
       1        1     0.00   बलिं
       1        1     0.00   बलीवर्दं
       1        1     0.00   बलीवर्दो
       1        1     0.00   बळ्ळारीम
       2        1    50.00   बहुव्रीह
       1        1     0.00   बह्वी
       1        1     0.00   बह्वीषु
       1        1     0.00   बांकुडाम
       1        1     0.00   बाहुभ्या
       1        1     0.00   बाह्यां
       1        1     0.00   बाह्यो
       1        1     0.00   बाह्लीकं
       1        1     0.00   बाह्लीका
       1        1     0.00   बाह्लीके
       1        1     0.00   बाह्वोरु
       1        1     0.00   बाह्वोर्
       1        1     0.00   बिंबं
       1        1     0.00   बिंबे
       1        1     0.00   बिन्दुं
       1        1     0.00   बिभर्षि
       1        1     0.00   बिभ्रति
       1        1     0.00   बिर्ला
       2        2     0.00   बिर्लामन
       1        1     0.00   बीभत्सुं
       1        1     0.00   बुढिमान्
       1        1     0.00   बुध्दिजी
       3        2    33.33   बेङ्गळूर
       1        1     0.00   बेलूरु
       1        1     0.00   बेळगावी
       1        1     0.00   बेळगावीम
       1        1     0.00   बोध्यं
       1        1     0.00   बौद्धधर्
       1        1     0.00   बौद्धमतस
       1        1     0.00   बौद्धाना
       1        1     0.00   बौधे
       2        2     0.00   ब्रध्नस्
       3        2    33.33   ब्रह्मां
       4        4     0.00   ब्रह्मैव
       3        2    33.33   ब्रह्मोव
       2        1    50.00   ब्राह्मे
       1        1     0.00   ब्राह्मो
       2        1    50.00   ब्रिटेनस
       1        1     0.00   ब्रुवति
       1        1     0.00   ब्रुवतो
       1        1     0.00   ब्रुवन्
       1        1     0.00   भक्तिच्छ
       1        1     0.00   भगवान्रु
       1        1     0.00   भद्रं
       1        1     0.00   भयाद्भोग
       1        1     0.00   भर्गो
       1        1     0.00   भर्त्सना
       1        1     0.00   भर्त्सयन
       1        1     0.00   भर्त्सया
       1        1     0.00   भवति_
       1        1     0.00   भवद्भिश्
       1        1     0.00   भवान्राज
       1        1     0.00   भवॆत्
       1        1     0.00   भवॆत्।
       3        3     0.00   भवेत्।।
       1        1     0.00   भवेन्नून
       1        1     0.00   भवेन्नृण
       1        1     0.00   भस्मोद्ध
       1        1     0.00   भागैकं
       1        1     0.00   भारत
       2        2     0.00   भारत।।
       1        1     0.00   भार्यां
       1        1     0.00   भाषॆ
       2        2     0.00   भाषैषा
       1        1     0.00   भिंन्धि
       1        1     0.00   भिक्षूणा
       1        1     0.00   भित्तौ
       1        1     0.00   भिन्नौ
       1        1     0.00   भीष्मं
       1        1     0.00   भुजौ
       2        2     0.00   भुञ्जीत
       1        1     0.00   भूतसर्गौ
       1        1     0.00   भूतादिर्
       1        1     0.00   भूभृद्बि
       2        2     0.00   भूमिं
       2        2     0.00   भूमौ
       1        1     0.00   भूयास{\म्+}
       1        1     0.00   भूयॊ
       1        1     0.00   भूर्जे
       1        1     0.00   भृगुं
       1        1     0.00   भृगूणां
       1        1     0.00   भृङ्गौ
       1        1     0.00   भेत्तुं
       1        1     0.00   भैमी
       1        1     0.00   भैमीं
       1        1     0.00   भैरवं
       1        1     0.00   भैरव।
       1        1     0.00   भैरव।।
       1        1     0.00   भॊ
       1        1     0.00   भोगान्रु
       2        2     0.00   भोगैर्जी
       3        3     0.00   भौगोलिकम
       1        1     0.00   भ्रातॄंश
       2        1    50.00   भ्रुवोर्
       1        1     0.00   भ्रुवौ
       1        1     0.00   मक्षू
       2        2     0.00   मञ्जिष्ठ
       1        1     0.00   मणिरत्नै
       1        1     0.00   मथुरां
       1        1     0.00   मधुपर्कं
       1        1     0.00   मधुरै
       1        1     0.00   मधुश्चुत
       1        1     0.00   मध्याह्न
       1        1     0.00   मनश्चैव
       1        1     0.00   ममैव
       1        1     0.00   ममॊद्विज
       1        1     0.00   मम।।
       1        1     0.00   मया।
       1        1     0.00   मरणवार्त
       1        1     0.00   मरणॆ
       2        2     0.00   मराठी
       1        1     0.00   मराठीभाष
       1        1     0.00   मरीचिर्भ
       1        1     0.00   मर्त्यलो
       1        1     0.00   मर्त्यस्
       1        1     0.00   मलवळ्ळि
       1        1     0.00   महतीं
       1        1     0.00   महत्
       1        1     0.00   महद्देवा
       3        2    33.33   महद्बलम्
       1        1     0.00   महद्वो
       1        1     0.00   महाँ
       1        1     0.00   महां
       1        1     0.00   महाबलौ
       1        1     0.00   महाबाहुं
       1        1     0.00   महाभागां
       1        1     0.00   महारथौ।
       1        1     0.00   महार्हेष
       1        1     0.00   महिषीं
       2        2     0.00   मही
       2        2     0.00   महीं
       1        1     0.00   महीध्रे
       1        1     0.00   महॊदय
       1        1     0.00   महॊदयस्य
       2        2     0.00   मह्यं
       1        1     0.00   मह्यां
       1        1     0.00   माँ
       1        1     0.00   मातङ्गो
       1        1     0.00   माद्री
       2        2     0.00   माद्रीपु
       1        1     0.00   मानसीं
       1        1     0.00   मार्गितव
       1        1     0.00   मार्गो
       1        1     0.00   मार्जारो
       1        1     0.00   मासॆ
       1        1     0.00   मिथुनं
       1        1     0.00   मिश्रं
       4        2    50.00   मी
       1        1     0.00   मुंच
       1        1     0.00   मुकुल-प्र
       1        1     0.00   मुखं
       1        1     0.00   मुखर्जि
       1        1     0.00   मुखैर्वि
       1        1     0.00   मुखौ
       1        1     0.00   मुजफ्फरन
       1        1     0.00   मुद्रां
       1        1     0.00   मुनिं
       1        1     0.00   मुनिर्मौ
       1        1     0.00   मुमुक्षू
       1        1     0.00   मुम्बै
       3        3     0.00   मुम्बैनग
       1        1     0.00   मुस्लिम्
       2        2     0.00   मुहूर्ते
       1        1     0.00   मूढौ
       2        2     0.00   मूर्ख
       1        1     0.00   मूर्खस्त
       1        1     0.00   मूर्खस्य
       1        1     0.00   मूर्खा
       1        1     0.00   मूर्खाणा
       1        1     0.00   मूर्खाय
       1        1     0.00   मूर्खाश्
       2        2     0.00   मूर्छा
       1        1     0.00   मूर्छाया
       1        1     0.00   मूर्छारो
       1        1     0.00   मूर्तिं
       1        1     0.00   मूर्ती
       1        1     0.00   मूर्तीना
       1        1     0.00   मूर्तौ
       2        1    50.00   मृत्युर्
       1        1     0.00   मॆ
       2        2     0.00   में
       1        1     0.00   मेक्का
       2        2     0.00   मेक्सिको
       1        1     0.00   मेधां
       1        1     0.00   मेयर्स
       2        2     0.00   मे।।
       1        1     0.00   मैं
       1        1     0.00   मैत्रेय
       1        1     0.00   मैथुनं
       1        1     0.00   मॊ
       1        1     0.00   मोघं
       1        1     0.00   मोरें
       2        1    50.00   म्रियन्त
       1        1     0.00   यजूंषि
       1        1     0.00   यजूंष्यप
       1        1     0.00   यज्ञैर्द
       1        1     0.00   यज्ञैर्ब
       1        1     0.00   यज्ञैर्व
       1        1     0.00   यज्ञैश्च
       1        1     0.00   यतॊ
       4        1    75.00   यत्
       1        1     0.00   यत्किं
       2        2     0.00   यत्किंचि
       3        3     0.00   यत्किञ्च
       1        1     0.00   यत्किमपि
       1        1     0.00   यत्खौ
       2        2     0.00   यत्तु
       1        1     0.00   यत्नेन
       1        1     0.00   यथा--
       1        1     0.00   यथा---
       1        1     0.00   यथा-स्वं
       1        1     0.00   यथार्हं
       2        2     0.00   यथा।।
       1        1     0.00   यथैव
       1        1     0.00   यथोज्झित
       1        1     0.00   यदन्तर्न
       1        1     0.00   यदाऽश्रौ
       1        1     0.00   यदीं
       1        1     0.00   यद्दत्तं
       1        1     0.00   यद्दीयते
       1        1     0.00   यद्दृष्ट
       1        1     0.00   यद्बाह्य
       1        1     0.00   यद्बीजं
       1        1     0.00   यद्रूपं
       1        1     0.00   यद्वां
       1        1     0.00   यद्वृत्त
       1        1     0.00   यद्वै
       1        1     0.00   यद्वो
       1        1     0.00   ययिं
       2        1    50.00   ययौ
       1        1     0.00   यहाँ
       1        1     0.00   यह्वी
       1        1     0.00   यह्वो
       1        1     0.00   याच्ञा
       1        1     0.00   युज्यँ
       1        1     0.00   युञ्जीत
       2        2     0.00   युद्धं
       1        1     0.00   यॆ
       1        1     0.00   यॆन
       1        1     0.00   यॊ
       2        2     0.00   योगी
       2        2     0.00   योग्यैर्
       2        2     0.00   योद्धुका
       2        1    50.00   योऽसौ
       1        1     0.00   यौ
       1        1     0.00   रंध्रेशे
       1        1     0.00   रक्तश्चु
       1        1     0.00   रघूणां
       1        1     0.00   रघूत्तम
       1        1     0.00   रज्जौ
       1        1     0.00   रत्नैश्च
       1        1     0.00   रथनिर्घो
       1        1     0.00   रथात्तूर
       1        1     0.00   रथी
       1        1     0.00   रफी
       1        1     0.00   रयिं
       1        1     0.00   रविं
       1        1     0.00   रसवत्तृत
       1        1     0.00   रसवर्जं
       1        1     0.00   राक्षसीं
       1        1     0.00   राक्षसॊ
       1        1     0.00   रागॆ
       1        1     0.00   राज-कुलॆ
       1        1     0.00   राजन्राज
       1        1     0.00   राज्यॆ
       1        1     0.00   राणेबेन्
       2        2     0.00   रात्रौ
       1        1     0.00   राध्नुवन
       1        1     0.00   राध्नुहि
       1        1     0.00   राशिं
       1        1     0.00   रासभॊ
       1        1     0.00   रिक्थिनं
       1        1     0.00   रिडैमन्
       1        1     0.00   रुक्मपुङ
       1        1     0.00   रुक्मिणं
       2        2     0.00   रुक्मिणी
       1        1     0.00   रुक्मिण्
       1        1     0.00   रुचिं
       1        1     0.00   रूढिगतम्
       1        1     0.00   रूढिवैचि
       1        1     0.00   रूढौ
       1        1     0.00   रूपसम्पन
       1        1     0.00   रूपॆण
       1        1     0.00   रेखां
       1        1     0.00   रेफो
       1        1     0.00   रेसार्ट
       1        1     0.00   रौद्री
       1        1     0.00   रौप्यखुर
       1        1     0.00   र्पिष्मन
       1        1     0.00   र्भं
       1        1     0.00   र्हृदये
       1        1     0.00   लघूनां
       1        1     0.00   लघूनि
       1        1     0.00   लङ्घित
       1        1     0.00   लङ्घितं
       1        1     0.00   लङ्घिता
       1        1     0.00   लङ्घितुं
       1        1     0.00   लज्जां
       1        1     0.00   लज्जिता
       1        1     0.00   लज्जितो
       1        1     0.00   लब्धि-गुण
       1        1     0.00   लब्धुं
       1        1     0.00   लिङ्निमि
       1        1     0.00   लृ
       1        1     0.00   लृङ्भवति
       1        1     0.00   लृट्प्रत
       2        2     0.00   लेखन-समये
       1        1     0.00   लेढि
       1        1     0.00   लेस्लि
       2        2     0.00   लॊकॆ
       1        1     0.00   लोकममुं
       1        1     0.00   वक्तव्यं
       2        2     0.00   वक्तुं
       1        1     0.00   वक्रां
       1        1     0.00   वच्मि
       1        1     0.00   वच्मि।
       1        1     0.00   वज्रिणं
       1        1     0.00   वज्रिणम्
       1        1     0.00   वज्रिणी
       1        1     0.00   वज्रिणे
       1        1     0.00   वधूं
       1        1     0.00   वनॆ
       1        1     0.00   वनेषूपवन
       1        1     0.00   वनोद्देश
       1        1     0.00   वरं
       2        2     0.00   वर्गीकरण
       1        1     0.00   वर्ज्जनी
       1        1     0.00   वर्ज्य
       1        1     0.00   वर्ज्यम्
       1        1     0.00   वर्णैरमी
       1        1     0.00   वर्णौ
       1        1     0.00   वर्ण्यते
       1        1     0.00   वर्तंते
       1        1     0.00   वर्तेत
       1        1     0.00   वर्तेते
       1        1     0.00   वर्धेत
       1        1     0.00   वर्शे
       1        1     0.00   वर्षर्तौ
       3        1    66.67   वर्षसहस्
       2        2     0.00   वर्षॆ
       1        1     0.00   वर्षॆब्य
       1        1     0.00   वलअसद्दो
       1        1     0.00   ववौ
       1        1     0.00   वसिष्ठैर
       1        1     0.00   वसिष्ठो
       1        1     0.00   वसुधैव
       1        1     0.00   वस्तूनां
       1        1     0.00   वस्तूनि
       1        1     0.00   वह्निना
       1        1     0.00   वह्नेश्च
       1        1     0.00   वां
       2        2     0.00   वाक्यं
       2        2     0.00   वाक्सिद्
       2        1    50.00   वाचं
       1        1     0.00   वाचां
       1        1     0.00   वाच्मि
       1        1     0.00   वाञ्छां
       1        1     0.00   वाञ्छितं
       1        1     0.00   वाञ्छितम
       2        2     0.00   वाञ्छिता
       1        1     0.00   वाञ्छैव
       1        1     0.00   वातोद्धू
       1        1     0.00   वायुं
       1        1     0.00   वाराणसीं
       1        1     0.00   वाराह्यै
       1        1     0.00   वार्तां
       2        2     0.00   वार्धुषि
       1        1     0.00   वार्धुषी
       2        2     0.00   वा।
       2        2     0.00   वा।।
       1        1     0.00   विंशत्या
       4        1    75.00   विकिपीडि-
       1        1     0.00   विकिस्रो
       1        1     0.00   विघ्ना
       1        1     0.00   विचिंत्य
       1        1     0.00   विढौ
       1        1     0.00   वित्तैषण
       1        1     0.00   विद्यैव
       1        1     0.00   विधिं
       1        1     0.00   विधुं
       1        1     0.00   विनिर्जि
       1        1     0.00   विनिर्जे
       1        1     0.00   विभागॆ
       1        1     0.00   विमर्दं
       1        1     0.00   विमिश्रं
       1        1     0.00   विमुञ्चे
       1        1     0.00   विराजौ
       1        1     0.00   विरुद्धै
       1        1     0.00   विशङ्कां
       1        1     0.00   विशिष्टै
       2        1    50.00   विश्वं
       1        1     0.00   विश्वैर्
       1        1     0.00   विषयॆ
       1        1     0.00   विष्टम्भ
       1        1     0.00   विष्णौ
       1        1     0.00   विसर्ज्ज
       1        1     0.00   विसर्ज्य
       1        1     0.00   विसिष्मि
       1        1     0.00   विह्रुतं
       4        1    75.00   वीक्षणीय
       1        1     0.00   वीरौ
       1        1     0.00   वीर्येण
       2        2     0.00   वीर्य्यव
       1        1     0.00   वृक्षैश्
       1        1     0.00   वृत्तं
       1        1     0.00   वृत्तिं
       1        1     0.00   वृत्तौ
       1        1     0.00   वृत्रघ्न
       1        1     0.00   वृद्धो
       1        1     0.00   वृष्टिं
       1        1     0.00   वृष्टैर्
       1        1     0.00   वॆत्ति
       3        1    66.67   वेत्ति
       1        1     0.00   वेत्तुं
      11        7    36.36   वै
       1        1     0.00   वैकुण्ठं
       1        1     0.00   वैदर्भी
       1        1     0.00   वैदेहीं
       2        2     0.00   वैदेह्या
       3        1    66.67   वैशंपायन
       2        1    50.00   वैशम्पाय
       1        1     0.00   वैशिष्ट्
       1        1     0.00   वैष्णवं
       2        2     0.00   वै।।
       1        1     0.00   वोढुं
       3        1    66.67   व्यंजयित
       1        1     0.00   व्यतर्कि
       1        1     0.00   व्यवह्रु
       1        1     0.00   व्यूढां
       2        2     0.00   व्यृध्यत
       1        1     0.00   व्रित्तम
       1        1     0.00   व्रियतां
       1        1     0.00   शंभुं
       1        1     0.00   शकटं
       1        1     0.00   शक्तिपीठ
       1        1     0.00   शक्तिर्य
       1        1     0.00   शक्नुयात
       2        2     0.00   शक्नुवन्
       2        2     0.00   शक्नोति
       4        4     0.00   शक्नोति।
       1        1     0.00   शक्यं
       1        1     0.00   शक्रं
       1        1     0.00   शक्रेण
       1        1     0.00   शङ्कर
       1        1     0.00   शङ्कां
       1        1     0.00   शङ्कुकर्
       1        1     0.00   शङ्खचक्र
       1        1     0.00   शठो
       1        1     0.00   शतघ्नी
       1        1     0.00   शतध्नीना
       1        1     0.00   शतसाहस्र
       1        1     0.00   शताह्वां
       1        1     0.00   शत्रुं
       7        2    71.43   शत्रुघ्न
       1        1     0.00   शनैर्दाप
       1        1     0.00   शपथैर्भृ
       1        1     0.00   शब्दिता
       1        1     0.00   शब्दितान
       1        1     0.00   शम्भुं
       1        1     0.00   शय्या
       4        1    75.00   शरवर्षैर
       1        1     0.00   शरीरॆ
       1        1     0.00   शरैर्विव
       1        1     0.00   शर्करां
       1        1     0.00   शर्धो
       1        1     0.00   शाखां
       1        1     0.00   शातशिखैर
       1        1     0.00   शान्तिर्
       1        1     0.00   शापाद्भी
       1        1     0.00   शार्दूल
       1        1     0.00   शिंशुमार
       1        1     0.00   शिक्षणॆन
       1        1     0.00   शिरश्छिन
       1        1     0.00   शिलां
       1        1     0.00   शिश्नो
       1        1     0.00   शिश्नोदर
       1        1     0.00   शीर्णैर्
       1        1     0.00   शुक्रं
       1        1     0.00   शुक्रे
       1        1     0.00   शुचिं
       1        1     0.00   शुचौ
       1        1     0.00   शुण्ठी
       1        1     0.00   शुद्धं
       1        1     0.00   शुद्धां
       1        1     0.00   शुभैर्दृ
       1        1     0.00   शुभ्रं
       1        1     0.00   शैल
       1        1     0.00   शैलं
       1        1     0.00   शैलवधूं
       1        1     0.00   शैली
       1        1     0.00   शॊचामि
       1        1     0.00   शॊभतॆ
       1        1     0.00   शॊभमानं
       1        1     0.00   शोक
       1        1     0.00   शोफं
       1        1     0.00   शोफो
       1        1     0.00   शोभां
       2        2     0.00   शौचं
       1        1     0.00   शौनक
       1        1     0.00   शौर्यं
       1        1     0.00   श्चुत्वे
       1        1     0.00   श्चुना
       1        1     0.00   श्चोतन्त
       2        2     0.00   श्राद्धं
       3        2    33.33   श्रीमन्म
       2        1    50.00   श्रीमान्
       1        1     0.00   श्रीर्हु
       1        1     0.00   श्रीस्का
       1        1     0.00   श्रृंखला
       1        1     0.00   श्रृंगं
       1        1     0.00   श्रृंगी
       1        1     0.00   श्रृंगे
       2        1    50.00   श्रेष्ठं
       1        1     0.00   श्रेष्ठो
       1        1     0.00   श्रोतव्य
       1        1     0.00   श्रोतुं
       2        2     0.00   श्रोतुमि
       1        1     0.00   श्रोत्रं
       1        1     0.00   श्लिष्टं
       1        1     0.00   श्लिष्यत
       2        2     0.00   श्लैष्मि
       1        1     0.00   श्ळैहिका
       1        1     0.00   श्वघ्नीव
       1        1     0.00   श्वभ्रं
       1        1     0.00   श्वेत-लोध
       1        1     0.00   श्वैत्ये
       1        1     0.00   षट्सु
       1        1     0.00   षडश्रं
       2        1    50.00   षड्भि
       1        1     0.00   षड्भिस्त
       1        1     0.00   षड्रसं
       1        1     0.00   षड्रसेषु
       1        1     0.00   षष्टिं
       1        1     0.00   षष्ठे
       1        1     0.00   षष्ठो
       1        1     0.00   षू
       1        1     0.00   षौ
       1        1     0.00   संचिंत्य
       1        1     0.00   संतर्प्य
       1        1     0.00   संधिं
       1        1     0.00   संपन्नौ
       2        2     0.00   संप्राप्
       3        1    66.67   संभाषण-पृ
       1        1     0.00   संमार्ज्
       1        1     0.00   संमुखौ
       1        1     0.00   सक्थि
       1        1     0.00   सक्थिनी
       1        1     0.00   सखीं
       1        1     0.00   सख्यं
       1        1     0.00   सङीत
       1        1     0.00   सङ्कीर्ण
       1        1     0.00   सङ्कीर्त
       1        1     0.00   सङ्गीतं
       1        1     0.00   सङ्गीतम्
       1        1     0.00   सङ्गीतस्
       3        1    66.67   सङ्गृहीत
       1        1     0.00   सङ्ग्रहे
       1        1     0.00   सचिह्नं
       1        1     0.00   सञ्जय।।
       1        1     0.00   सत्तैव
       1        1     0.00   सदश्वै-
       1        1     0.00   सदश्वैश्
       1        1     0.00   सदा।।
       1        1     0.00   सदृशीं
       1        1     0.00   सदैव
       1        1     0.00   सद्भिराच
       1        1     0.00   सद्वृत्त
       1        1     0.00   सन्तर्प्
       1        1     0.00   सन्दर्श्
       1        1     0.00   सन्धिं
       1        1     0.00   सप्तमॊक्
       1        1     0.00   समग्रां
       1        1     0.00   समर्च्चय
       1        1     0.00   समर्थौ
       1        1     0.00   समर्पितम
       1        1     0.00   समर्पितव
       1        1     0.00   समर्प्य
       1        1     0.00   समर्प्यत
       1        1     0.00   समाधिं
       1        1     0.00   समाश्लिष
       1        1     0.00   समीपॆ
       1        1     0.00   समुझि
       1        1     0.00   समुपैति
       1        1     0.00   सम्चिन्त
       1        1     0.00   सम्पर्कं
       1        1     0.00   सम्यङ्नि
       1        1     0.00   सम्स्जक्
       1        1     0.00   सरस्वतीं
       1        1     0.00   सर्गो
       1        1     0.00   सर्प
       1        1     0.00   सर्पिषा
       1        1     0.00   सर्वथ्र
       1        1     0.00   सर्वमासर
       1        1     0.00   सर्वयत्न
       1        1     0.00   सर्वरत्न
       1        1     0.00   सर्वॆ
       1        1     0.00   सर्वॆपि
       1        1     0.00   सर्वॆषाम
       1        1     0.00   सर्वॆषु
       1        1     0.00   सर्वै
       1        1     0.00   सर्वैरपि
       1        1     0.00   सर्व्व
       1        1     0.00   सर्व्वत्
       1        1     0.00   सलिलौघैस
       1        1     0.00   सवितर्का
       1        1     0.00   ससर्जेति
       1        1     0.00   ससर्ज्ज
       1        1     0.00   सस्नेहं
       1        1     0.00   सहस्रिणं
       1        1     0.00   सहस्रिणम
       1        1     0.00   सहस्री
       1        1     0.00   सहस्रे
       1        1     0.00   सहस्रेण
       1        1     0.00   सहस्रैरप
       1        1     0.00   सहस्रैश्
       1        1     0.00   सहस्रैस्
       1        1     0.00   सहायतॆ
       1        1     0.00   सह्यो
       1        1     0.00   सह्रुदयन
       1        1     0.00   सह।।
       1        1     0.00   साधर्म्य
       1        1     0.00   साधूंश्च
       1        1     0.00   साध्वि
       1        1     0.00   साध्विति
       1        1     0.00   साम्ना
       1        1     0.00   साम्नैव
       1        1     0.00   सायकैराव
       1        1     0.00   सायकैर्भ
       1        1     0.00   सायाह्ने
       1        1     0.00   साहाय्यं
       1        1     0.00   साहाय्यम
       1        1     0.00   साहाय्ये
       1        1     0.00   सिंघल
       1        1     0.00   सिंह
       1        1     0.00   सिंहस्य
       1        1     0.00   सिंहो
       1        1     0.00   सिक्किम्
       1        1     0.00   सितर्क्ष
       1        1     0.00   सिद्दीजो
       1        1     0.00   सिद्धं
       1        1     0.00   सिद्धैश्
       1        1     0.00   सिध्यति
       1        1     0.00   सिन्धुं
       1        1     0.00   सिष्मिये
       2        2     0.00   सुखं
       1        1     0.00   सुगन्धिं
       1        1     0.00   सुताँ
       1        1     0.00   सुदीर्घे
       1        1     0.00   सुदृढां
       1        1     0.00   सुभद्रां
       1        1     0.00   सुमुखीं
       1        1     0.00   सुमुखो
       1        1     0.00   सुरभिं
       1        1     0.00   सुरेंद्र
       2        2     0.00   सुषुम्ना
       1        1     0.00   सुहृद्भि
       1        1     0.00   सूर्ये
       1        1     0.00   सूर्यौ
       1        1     0.00   सूर्य्यम
       1        1     0.00   सूर्य्यस
       1        1     0.00   सृक्किणी
       1        1     0.00   सृष्टिं
       1        1     0.00   सृष्टौ
       1        1     0.00   सॆ
       1        1     0.00   सॆवा
       1        1     0.00   सें
       1        1     0.00   सेंट
       1        1     0.00   सेंद्रा
       1        1     0.00   सेण्टिग्
       1        1     0.00   सैन्धवं
       1        1     0.00   सैन्यं
       2        2     0.00   सैव
       1        1     0.00   सॊ
       1        1     0.00   सॊमिलकॊ
       1        1     0.00   सॊवियत्
       1        1     0.00   सोढुं
       1        1     0.00   सोण्टि
       1        1     0.00   सोस्मिँल
       1        1     0.00   सौख्यं
       1        1     0.00   सौप्तिकप
       1        1     0.00   सौमित्रि
       1        1     0.00   सौवर्चलं
       1        1     0.00   सौहार्दं
       1        1     0.00   स्थलॆ
       4        3    25.00   स्थिरैरङ
       2        1    50.00   स्नानं
       1        1     0.00   स्निग्धं
       1        1     0.00   स्निग्धम
       1        1     0.00   स्निग्धा
       1        1     0.00   स्निग्धो
       1        1     0.00   स्नेह
       1        1     0.00   स्नेह-वस्
       1        1     0.00   स्नेहेन
       1        1     0.00   स्नेहो
       1        1     0.00   स्पर्शं
       1        1     0.00   स्पर्शे
       1        1     0.00   स्पर्शेन
       1        1     0.00   स्पार्हं
       1        1     0.00   स्फीता
       2        2     0.00   स्फुटं
       1        1     0.00   स्फुटौ
       1        1     0.00   स्फोट
       1        1     0.00   स्फ्यशूर
       2        1    50.00   स्मृतम्।
       1        1     0.00   स्रष्टृत
       1        1     0.00   स्रुते
       1        1     0.00   स्वगृहॆ
       1        1     0.00   स्वच्छं
       1        1     0.00   स्वधर्मं
       1        1     0.00   स्वप्न
       2        1    50.00   स्वप्नान
       1        1     0.00   स्वर्क्ष
       2        1    50.00   स्वर्गं
       1        1     0.00   स्वर्गाल
       1        1     0.00   स्वर्गिण
       1        1     0.00   स्वर्गी
       1        1     0.00   स्वर्गो
       1        1     0.00   स्वर्धुन
       1        1     0.00   स्वशत्रु
       1        1     0.00   स्वस्त्य
       2        2     0.00   स्वस्रीय
       1        1     0.00   स्वान्तज-
       1        1     0.00   स्वाप्नं
       1        1     0.00   स्वामिनॊ
       1        1     0.00   स्विन्ना
       1        1     0.00   हन्मि
       1        1     0.00   हमें
       1        1     0.00   हर्म्यस्
       1        1     0.00   हस्तैर्ब
       1        1     0.00   हां
       1        1     0.00   हार्दं
       1        1     0.00   हिक्का
       1        1     0.00   हिन्वन्न
       1        1     0.00   हिमाह्वं
       1        1     0.00   हिल्बर्ट
       3        3     0.00   हुब्बळ्ळ
       1        1     0.00   हृदार्च्
       1        1     0.00   हॆ
       1        1     0.00   हेतुगर्भ
       3        3     0.00   हैं
       1        1     0.00   हैं।
       1        1     0.00   होय्सळान
       1        1     0.00   होळेहोन्
       1        1     0.00   ह्यु
       1        1     0.00   ह्युक्तं
       1        1     0.00   ह्युपस्थ
       1        1     0.00   ह्युवाच
       1        1     0.00   ह्येतर्ह
       1        1     0.00   ह्येतस्य
       1        1     0.00   ह्येते
       1        1     0.00   ह्येव
       1        1     0.00   ह्येष
       1        1     0.00   ह्येषा
       1        1     0.00   ह्यो
       1        1     0.00   ह्रस्वं
       1        1     0.00   ह्रस्वो
       2        1    50.00   ह।
       2        2     0.00   ह।।
     421      234    44.42   ।
     139      138     0.72   ।।
       1        1     0.00   ।।और्व्य
       1        1     0.00   ।।और्व्व
       1        1     0.00   ।’
       1        1     0.00   ।“
      92       63    31.52   ॥
       2        2     0.00   ॥१॥
       3        2    33.33   ॥१०॥
       2        2     0.00   ॥११॥
       2        2     0.00   ॥१२॥
       1        1     0.00   ॥१३॥
       1        1     0.00   ॥१४॥
       1        1     0.00   ॥१५॥
       1        1     0.00   ॥१६॥
       1        1     0.00   ॥१७॥
       1        1     0.00   ॥१८॥
       1        1     0.00   ॥१९॥
       1        1     0.00   ॥२-
       2        2     0.00   ॥२॥
       1        1     0.00   ॥२३॥
       1        1     0.00   ॥२४॥
       1        1     0.00   ॥२५॥
       1        1     0.00   ॥२६॥
       1        1     0.00   ॥२७॥
       1        1     0.00   ॥२८॥
       1        1     0.00   ॥२९॥
       3        3     0.00   ॥३॥
       1        1     0.00   ॥३६॥
       3        3     0.00   ॥४॥
       3        2    33.33   ॥५॥
       3        3     0.00   ॥६॥
       3        3     0.00   ॥७॥
       3        1    66.67   ॥८॥
       3        3     0.00   ॥९॥
       1        1     0.00   ॥“
       9        3    66.67   १०
       1        1     0.00   १०६
       2        1    50.00   १०८
       1        1     0.00   १२६
       1        1     0.00   १२°
       8        2    75.00   १३
       1        1     0.00   १३°
       9        2    77.78   १४
      11        1    90.91   १५
       7        1    85.71   १६
       1        1     0.00   १६॥
       1        1     0.00   १८॥
       3        1    66.67   १९४७
       2        1    50.00   १९५६
       2        2     0.00   २००१-२०११
       2        1    50.00   २००७
       7        5    28.57   २०११
       4        2    50.00   २०१२
       4        3    25.00   २०१३
       2        1    50.00   २०१४
       6        1    83.33   २४
       1        1     0.00   २४॥
       8        1    87.50   २६
      26        1    96.15   ३
       2        1    50.00   ३६०
       4        1    75.00   ३९
      19        2    89.47   ५
       2        1    50.00   ७३
       1        1     0.00   ९॥
       1        1     0.00   ॰स्यात्
       1        1     0.00   ‘
       1        1     0.00   ‘अहं
       1        1     0.00   ‘मई’-मासस
       1        1     0.00   ‘मम
       1        1     0.00   ’
       2        1    50.00   ”
       3        3     0.00   …
       4        4     0.00   €
       4        2    50.00   ₹
       1        1     0.00   श्रेष्ठ
      27        1    96.30   =
       1        1     0.00   ?’
       7        1    85.71   [
       1        1     0.00   _इति
       1        1     0.00   `स
       1        1     0.00   {{{3}}}°
      20       20     0.00   |
       3        3     0.00   |-
       4        4     0.00   ||
       1        1     0.00   }}
       2        2     0.00   ~
       1        1     0.00   ~=
       4        4     0.00   £
       1        1     0.00   °
